23208138 11122211012110022202000202221101101020202
26904766 11222112112110122202000202220100201020202
15904028 11022112112210022201100202220000202020202
1009882475 201220022222100100011220200222002020202
190086276 2002200222220002222000020222000020200020
190089181 2012211111222002220110020222000020202020
190089820 2022200222221012221100020222110110101020
20010993 20022111112201011110100202220000202010202
36810709 20222002222200012220100202220000201000202
190306342 1112222100221002220200020222000020202020
19907052 20122002222110022211001111121100202010202
52808075 20122002222210022210100202220000202010202
49609374 20022002222200022220000202220000202000202
91604209 20222111112111011101101111121100202020101
51012549 20122002211200021101102020122200211120101
13713948 20122002222120222202000202221201100020202
2118719 200222200022200211011011012211002111202020
17813178 11122112112210122202000202221101101020202
12517925 20222111112210122201100202220000202020202
25412911 10122220002120022212000202221101101021101
23018672 20122220002220021101101101221100211120202
400367915 2012200222120101111011020222111111211010
400251620 2022200221211011222201111112111110212020
990714818 2002211111221002221100020222000020201020
990521087 2002211111222002220110020222000020202020
990577071 2012200222120100111020020222000020101121
990628947 2012211111220101111010020222000020201020
990689594 1112211211211002221201111112111110212020
991840351 1111111111211011221201020222111121101010
990701893 2022222000221101110110020222000020202020
990700248 1102211211211002220200111112110020202010
990704495 1112211211220002221100020222000020201020
990730693 2012211111222002220110020222000020202020
990713043 2012222000221011111110110122220111012020
990850532 2012211111222002220110020222000020202020
990745207 2012200222222001110021010121100020202020
990814130 2022211110221011111110110122220111012020
990980300 1122211211221012220200111112220110012020
990990097 1112222100221002220200020222000020202110
991001859 2012200222221002221100020222000020201020
991005176 2012222000221101000020110122110021112020
990997624 2002200221221011222100020222110110102020
990999473 2012211111220101111010020222000020201020
991256758 2022211111120200000022111112222201222010
991030164 2012211111111011110201202002220020102010
991672188 2012222000212002221200020222110110102020
991081844 2012200222121111110111020222221201112010
991101113 1111111211211002220100111112110020112020
991199277 2012211111121101110111020222111111212010
991215619 1102222100221002220200020222000020202020
991274338 2011100222221012220020020222000020202020
991338919 2012211111220100111020020222000020101020
991368257 1112211111212011000110201012220021112010
991405408 2012211111120110111110020222110110102121
991894555 2012211111220100111020020222000020101020
991516047 2012211111211101111111111112111110212020
991487979 2012222000211110000201111112220110102110
991492489 2022211111221002221100020222000020201020
991517318 1112211111211011110200111112110020202010
991515808 2011111111220101111100111112110121200020
991961942 2012211111221111110201202002220020102020
991570169 2022211111222001110111111112110020202110
991615636 2012211111202002221200111112220110102020
991611778 2022200222220002222000020222000020200020
991636797 2012211111221002221100020222000020201020
991637802 2012211111202002220100020222110110102020
991644735 2002200221120110111110020222110110102121
991717418 1102200221211020111200111112220110102010
991653298 2022211111221002221100020222000020201020
991661192 2002200222222002221010020222000020202110
991702726 1112200222212021110200202002220020102010
991715454 2012222000222002220200020222000020202020
991728196 2012211111222002220110020222000020202020
991725399 2002200222221012220200202002221110101020
991746534 2012222000221101110110020222000020202020
991754560 2012221001211011111100020222110110102110
991760471 2022222000212011110201111112110020102020
991766146 2012211110211011222200020222220200002020
991764443 2021211110220110111110020222110110102020
991775620 2002200221221021221200111112220110002020
991770845 2012210112221012221100111112110020102020
991775352 2002211111111110000111020222221201112100
991773326 2012222000221101110110020222000020202020
991781083 2012200221120110111100110122110021112010
991805153 2012200222212012220200111112220110102010
991808558 1111122100211011110200111112220110012110
991818232 2002200222211001221011020222000020101020
991849708 2002211111222002221100020222000020202200
991858299 2002211111202011110100020222110110102110
991853523 2012222000221101110110020222000020202020
991854695 2012211111222001110111111112110020202110
991870410 2002222000221101110110020222000020202020
991876135 2022200222120012220200202002220120102010
991884670 2002211111222001110111111112110020202100
991884328 2002222000221101110110020222000020202020
991896717 2012200220211011221200020222110110102020
991909455 2012211111120111010110111112110020202010
991927213 2002211111212002221201111112111110212110
991923947 2022211111221101110020020222000020202020
991960845 2022211111212021110200111112220110002110
